-1.67079960486273
-1.67079960486273
-1.67079960486273
-1.67079960486273
-1.67079960486273
-1.67079960486273
-1.67079960486273
-1.67079960486273
-0.932264510585976
-0.932264510585976
-0.932264510585976
-0.932264510585976
-0.932264510585976
-0.932264510585976
-0.932264510585976
-0.932264510585976
-0.130426408228363
-0.130426408228363
-0.130426408228363
-0.130426408228363
-0.130426408228363
-0.130426408228363
-0.130426408228363
-0.130426408228363
0.161611469051358
0.161611469051358
0.161611469051358
0.161611469051358
0.161611469051358
0.161611469051358
0.161611469051358
0.161611469051358
0.768476306519909
0.768476306519909
0.768476306519909
0.768476306519909
0.768476306519909
0.768476306519909
0.768476306519909
0.768476306519909
0.396254619004428
0.396254619004428
0.396254619004428
0.396254619004428
0.396254619004428
0.396254619004428
0.396254619004428
0.396254619004428
0.500071552257045
0.500071552257045
0.500071552257045
0.500071552257045
0.500071552257045
0.500071552257045
0.500071552257045
0.500071552257045
1.53064452381351
1.53064452381351
1.53064452381351
1.53064452381351
1.53064452381351
1.53064452381351
1.53064452381351
1.53064452381351
-0.495051734774141
-0.495051734774141
-0.495051734774141
-0.495051734774141
-0.495051734774141
-0.495051734774141
-0.495051734774141
-1.79149734027024
-1.79149734027024
-1.79149734027024
-1.79149734027024
-1.79149734027024
-1.79149734027024
-1.79149734027024
-1.79149734027024
0.800549830614214
0.800549830614214
0.800549830614214
0.800549830614214
0.800549830614214
0.800549830614214
0.800549830614214
0.800549830614214
0.800549830614214
0.800549830614214
0.800549830614214
0.800549830614214
0.800549830614214
0.800549830614214
0.800549830614214
0.800549830614214
